0.628994 0.488058 -0.014988
-0.647498 -0.716147 0.160368
-0.647498 0.556709 -0.296380
0.611671 -0.704164 0.353032
0.066731 -0.219146 -0.315254
-0.142801 0.277452 0.353032
-0.602016 -0.131160 -0.323205
-0.018162 -0.471871 0.353032
0.628994 -0.634153 -0.308561
0.059966 0.545850 -0.323205
0.617810 -0.059626 0.353032
-0.624703 -0.079028 0.329519
0.628994 -0.071807 -0.227688
-0.636447 0.558519 0.236359
-0.457989 -0.622745 -0.300410
0.309484 0.419281 0.337835
-0.289104 0.219920 -0.300410
0.353705 -0.292280 0.043320
-0.244278 -0.295318 0.019951
-0.247743 0.558519 0.036150
0.276659 0.156532 -0.323205
-0.624703 0.237455 -0.039486
0.158077 -0.001083 0.337835
-0.647498 -0.333575 0.006819
-0.492380 -0.426677 0.337835
0.460070 0.553608 -0.323205
0.339043 -0.468740 0.353032
-0.277118 -0.091998 0.353032
0.161453 -0.553585 -0.300410
0.628994 0.291864 0.351079
0.123987 0.539523 0.005072
0.628994 0.128513 0.039850
0.609930 -0.538459 0.071294
-0.251149 -0.268787 -0.323205
-0.449398 0.203106 0.337835
-0.252358 0.532404 -0.323205
0.628994 0.296664 -0.285278
0.497237 -0.327351 -0.323205
0.003243 0.558519 0.274823
-0.076625 0.035300 -0.317352
0.606200 -0.385989 0.343039
-0.647498 -0.056221 0.035873
0.606200 -0.176159 0.064666
0.544375 0.558519 0.326300
0.374040 0.558519 0.104612
0.113103 -0.295318 0.205237
-0.550485 0.221117 -0.323205
-0.131755 -0.501816 -0.323205
0.044661 -0.295318 -0.067712
0.313949 -0.097429 -0.323205
-0.285273 0.490173 0.337835
-0.550794 -0.385661 -0.323205
-0.638475 -0.717973 -0.094117
0.628994 -0.382430 -0.117996
0.302600 -0.213731 0.337835
-0.595509 0.539523 -0.003797
0.349256 0.149281 0.337835
0.105344 0.230373 0.337835
-0.431304 -0.292280 -0.123125
0.315625 0.558519 -0.129568
0.628994 -0.716389 -0.080217
0.396539 -0.639139 -0.323205
-0.224060 -0.366552 0.335937
0.257140 -0.295318 -0.166076
-0.303957 -0.047742 -0.300410
-0.617587 0.363361 0.353032
-0.624703 0.166396 0.203288
-0.076131 -0.201640 0.353032
0.094386 0.332445 -0.300410
-0.120911 0.361534 -0.300410
-0.454434 -0.295318 0.171749
-0.465141 0.451402 -0.323048
-0.417269 0.539523 -0.117194
-0.624703 0.064117 -0.156000
-0.642949 -0.538459 0.033542
0.562203 0.110499 -0.323205
-0.142604 -0.295318 -0.152818
0.628994 0.490904 -0.208893
-0.624703 -0.671681 0.346772
-0.630105 -0.706049 -0.323205
-0.039921 0.539523 -0.095532
-0.444784 0.558519 0.257592
-0.624703 -0.279653 -0.183314
0.338557 0.407450 -0.320963
-0.622804 -0.410732 0.201018
0.271832 -0.391660 -0.323205
-0.624703 -0.477204 -0.181475
-0.100072 0.099272 0.353032
-0.554469 -0.247979 0.337835
0.501963 -0.292280 0.226378
0.628994 0.307449 -0.103979
0.628994 -0.707705 0.133667
-0.438002 -0.201197 -0.300410
0.360150 -0.030121 0.337835
0.162692 0.539523 0.179973
0.059209 0.150549 -0.317861
0.148422 -0.387359 0.353032
-0.624703 0.401400 -0.111060
-0.418485 0.011237 0.337835
0.606200 0.173890 0.223325
-0.024733 -0.292280 0.103360
0.132658 -0.204099 0.353032
-0.471418 0.072907 -0.300410
0.628994 0.289881 0.090459
-0.647498 0.389207 -0.298559
-0.284633 -0.562681 -0.300410
-0.647498 0.053780 -0.319766
0.511107 -0.161142 -0.300410
-0.037461 -0.366910 -0.323205
0.187449 0.527931 0.353032
0.606200 -0.379884 0.108010
-0.464248 0.414963 0.337835
0.153331 -0.082117 -0.304556
-0.339148 -0.404171 -0.323205
0.628994 0.476183 0.217036
0.606200 -0.162140 -0.095077
0.358607 -0.248091 -0.300410
-0.647498 -0.564020 0.232812
-0.624703 0.445512 0.126113
-0.200547 0.558519 -0.176393
-0.647187 -0.379111 0.353032
0.532458 -0.478098 -0.300410
-0.309930 0.132338 0.337835
-0.402108 -0.299961 0.337835
0.628994 -0.522322 0.224539
0.606200 0.156680 -0.126125
0.477225 0.313582 0.337835
0.200959 -0.292280 0.055607
-0.085688 -0.116329 -0.300410
0.349706 -0.295318 0.215250
-0.097988 0.476018 0.353032
0.512414 0.391070 -0.300410
-0.347602 -0.467498 0.335937
-0.647498 -0.233173 0.222765
0.511073 -0.292280 -0.117043
-0.217058 0.558519 0.180603
0.401280 0.558519 0.293205
-0.624055 -0.515283 -0.323205
-0.132611 0.169965 -0.323205
0.628994 -0.228233 0.258883
0.246695 0.539523 -0.255296
0.488657 0.558519 0.017379
-0.647498 0.063024 0.330577
0.410556 0.285028 -0.300410
0.438080 -0.366252 0.337835
0.131335 0.539523 -0.137523
0.628994 -0.275164 -0.317281
0.482712 -0.207634 0.337835
-0.624703 0.286120 0.130961
0.486827 0.539523 0.184317
-0.647498 -0.187570 0.091336
0.053166 0.088139 0.353032
-0.444057 0.539523 0.018254
0.628994 -0.011975 0.225289
0.372388 -0.295318 -0.091468
-0.647498 0.232920 0.338071
-0.624703 -0.210944 -0.042295
0.542007 -0.021455 -0.323205
-0.389772 0.304557 -0.323205
-0.109728 0.558519 -0.273555
-0.326449 -0.295318 -0.217475
0.149482 -0.295318 -0.243090
0.430532 0.102045 -0.314694
-0.212192 -0.295318 0.225271
0.167678 0.397429 0.353032
0.532587 0.539523 -0.105606
0.408201 -0.421460 -0.298511
-0.131610 -0.082316 0.353032
-0.039510 -0.295318 0.234010
-0.524725 -0.295318 -0.018609
-0.372944 0.321183 0.337835
-0.189279 -0.383309 -0.323205
-0.216084 -0.139939 -0.323205
0.549200 0.158767 0.337835
0.065036 0.023094 -0.320588
0.606200 -0.554098 0.345288
0.604611 0.450156 0.353032
-0.024931 0.323427 0.353032
0.606200 0.413632 0.083030
-0.624703 0.350649 0.013536
0.051965 0.558519 0.125222
-0.403851 -0.292280 0.057773
-0.085260 -0.295318 -0.005629
-0.511559 -0.048624 -0.300410
-0.122718 0.558519 0.263200
-0.590317 -0.292280 0.124476
-0.250923 0.341368 0.337835
0.627791 -0.402577 -0.322002
-0.423729 -0.179003 0.337835
0.628994 -0.600095 -0.119472
0.416246 -0.030787 -0.313249
0.606200 -0.057969 0.096783
0.198362 0.065788 -0.300410
-0.216581 0.033851 -0.323205
-0.624703 -0.443891 -0.064440
-0.103239 -0.380595 0.337835
0.235758 0.190168 0.353032
0.258818 -0.336762 0.353032
-0.035482 0.242681 -0.323205
0.003612 -0.295318 -0.181675
-0.624703 0.148924 0.043169
-0.352584 0.070466 -0.323205
-0.647498 0.146791 -0.241377
-0.006105 0.539523 0.020915
0.410661 0.558519 -0.203302
0.055871 -0.441495 -0.311119
0.477084 0.463104 0.353032
-0.335095 -0.292280 0.164310
-0.647498 0.501558 -0.190570
0.476324 -0.292280 -0.003056
-0.517475 0.558519 0.351861
0.606200 0.360117 0.229796
0.505678 -0.022962 0.337835
-0.624703 0.059487 0.151453
0.628994 -0.256860 -0.161028
-0.020977 -0.001908 0.337835
0.606200 0.076018 -0.211478
0.042953 -0.338381 0.337835
-0.227036 -0.196708 0.337835
-0.352819 0.539523 -0.214219
0.251695 -0.208007 -0.323205
-0.624703 -0.647773 0.000251
-0.177379 -0.470920 0.353032
-0.132452 0.558519 0.030922
0.268274 0.039339 0.337835
0.170304 0.486489 -0.323205
0.286677 -0.607557 -0.311890
0.628994 0.043331 -0.036786
0.623441 0.404934 -0.323205
0.606200 -0.049882 -0.118325
0.533682 -0.695304 -0.300410
0.282907 0.266978 -0.300410
-0.634703 -0.236645 -0.300410
0.628994 -0.558451 -0.224230
-0.135090 -0.292280 -0.265103
-0.299546 -0.295318 -0.077470
0.489850 0.195894 -0.300410
-0.647498 -0.170157 -0.180551
-0.195324 0.558519 0.348135
-0.624703 0.304866 -0.229421
0.154301 -0.372518 -0.323205
0.606200 0.050574 0.345147
-0.647498 0.048273 -0.001170
0.531027 0.558519 -0.214694
0.317757 0.018318 -0.323205
0.628994 -0.094589 -0.010905
0.069881 0.497428 0.337835
-0.527496 0.012766 0.353032
-0.647498 -0.412199 0.093863
0.189121 -0.111036 0.337835
-0.589464 -0.477674 0.343364
-0.624703 -0.110911 0.224544
-0.353955 0.558519 0.196375
0.535680 -0.292280 -0.223743
0.288092 0.539523 0.039498
0.095565 -0.295318 0.084343