-0.204093 -0.002699 0.337835
-0.299546 -0.295318 -0.077470
0.477225 0.313582 0.337835
0.628994 -0.716389 -0.080217
-0.556174 0.558519 -0.260649
0.349488 0.189411 -0.323205
-0.624703 -0.715371 0.227819
0.501963 -0.292280 0.226378
-0.624703 0.059487 0.151453
-0.057841 0.539523 0.189907
-0.411718 -0.075934 -0.297219
-0.505902 -0.717973 -0.321650
0.161453 -0.553585 -0.300410
0.611671 -0.704164 0.353032
0.532587 0.539523 -0.105606
0.628994 -0.144788 -0.196530
-0.589456 0.558519 0.299441
0.048169 -0.477674 0.347949
-0.148745 0.275793 -0.300410
-0.492380 -0.426677 0.337835
0.251695 -0.208007 -0.323205
0.606200 -0.161963 0.337046
0.074066 0.352817 0.337835
0.606200 0.170164 0.142614
-0.624703 -0.443891 -0.064440
0.095565 -0.295318 0.084343
0.122883 0.558519 -0.241467
0.082499 -0.529563 -0.323205
0.189121 -0.111036 0.337835
-0.647498 0.146791 -0.241377
-0.444057 0.539523 0.018254
-0.085688 -0.116329 -0.300410
-0.449398 0.203106 0.337835
0.609849 -0.717973 0.036274
0.606200 0.254724 -0.226989
0.532458 -0.478098 -0.300410
0.324681 0.539523 0.226035
-0.624703 0.350649 0.013536
-0.150565 0.539523 -0.179016
-0.256541 -0.456584 -0.300570
0.430916 -0.472013 0.353032
0.606200 -0.190087 0.128518
-0.289054 -0.292280 0.285907
-0.285273 0.490173 0.337835
0.606200 0.541703 0.230767
0.628994 -0.382430 -0.117996
0.374153 0.470371 -0.323205
-0.634703 -0.236645 -0.300410
-0.528004 -0.129102 0.337835
0.065036 0.023094 -0.320588
-0.590317 -0.292280 0.124476
0.372388 -0.295318 -0.091468
0.542007 -0.021455 -0.323205
-0.624703 -0.647773 0.000251
-0.364390 -0.262734 -0.323205
-0.624703 -0.104762 -0.067414
-0.433475 0.232565 -0.323205
0.003612 -0.295318 -0.181675
0.606200 -0.463497 0.193291
0.397941 0.042961 0.337835
-0.647498 0.440856 -0.217021
-0.039510 -0.295318 0.234010
0.123987 0.539523 0.005072
-0.572147 -0.292280 0.214185
-0.216581 0.033851 -0.323205
-0.636447 0.558519 0.236359
0.094386 0.332445 -0.300410
0.606200 0.166028 0.291622
-0.535889 -0.465075 -0.300410
0.533682 -0.695304 -0.300410
-0.329729 0.467841 -0.323205
-0.624703 0.292295 0.253845
0.628994 0.472661 -0.267170
0.053166 0.088139 0.353032
-0.217058 0.558519 0.180603
0.186001 -0.292280 0.305917
0.003243 0.558519 0.274823
0.511107 -0.161142 -0.300410
-0.624703 -0.517832 0.301927
0.353705 -0.292280 0.043320
0.628994 0.043331 -0.036786
-0.250923 0.341368 0.337835
0.606200 0.381311 -0.013433
-0.177379 -0.470920 0.353032
-0.624703 0.237455 -0.039486
0.309484 0.419281 0.337835
0.396539 -0.639139 -0.323205
-0.647498 0.063024 0.330577
0.363253 -0.240765 0.353032
-0.524725 -0.295318 -0.018609
0.317757 0.018318 -0.323205
0.235758 0.190168 0.353032
-0.535893 0.375904 -0.323205
-0.624703 -0.017264 -0.265919
0.542559 0.294474 -0.323205
-0.177804 0.210998 0.337835
0.462255 -0.295318 -0.297887
0.315625 0.558519 -0.129568
0.606200 0.050574 0.345147
-0.127842 -0.292280 0.059833
0.460026 0.558519 0.307119
0.606200 0.360117 0.229796
-0.647498 -0.689380 -0.199078
-0.032103 -0.115833 0.337835
-0.352819 0.539523 -0.214219
-0.131755 -0.501816 -0.323205
-0.464248 0.414963 0.337835
-0.096580 0.453524 -0.323205
-0.403851 -0.292280 0.057773
-0.451088 -0.292280 -0.253260
-0.097988 0.476018 0.353032
-0.135090 -0.292280 -0.265103
0.562926 -0.292280 0.055687
-0.647498 0.525016 -0.086560
0.325632 -0.473108 -0.323205
0.066731 -0.219146 -0.315254
0.495453 -0.295318 0.286689
0.628994 -0.558451 -0.224230
0.174376 -0.295318 -0.098922
-0.338609 -0.151528 0.337835
0.484990 0.558519 0.084585
0.029725 0.558519 -0.238654
0.143352 0.185630 -0.323205
-0.444784 0.558519 0.257592
-0.389020 -0.547253 -0.308808
0.606200 -0.611826 0.214272
0.628994 -0.011975 0.225289
-0.624703 -0.110911 0.224544
-0.008553 -0.076858 -0.292813
0.628994 0.239132 -0.028933
0.606200 0.076018 -0.211478
0.606200 -0.248733 -0.037406
0.154301 -0.372518 -0.323205
0.162692 0.539523 0.179973
-0.642949 -0.538459 0.033542
-0.132452 0.558519 0.030922
0.030860 -0.197366 0.353032
0.606200 0.418200 -0.207002
-0.273238 0.539523 -0.064965
0.606200 -0.456542 0.008138
-0.624703 -0.279653 -0.183314
-0.037461 -0.366910 -0.323205
-0.418485 0.011237 0.337835
0.416063 -0.154645 -0.323205
-0.647498 -0.232219 0.341503
0.246695 0.539523 -0.255296
0.562203 0.110499 -0.323205
-0.289104 0.219920 -0.300410
0.288092 0.539523 0.039498
-0.309930 0.132338 0.337835
-0.222132 -0.292280 -0.244862
0.338557 0.407450 -0.320963
0.531027 0.558519 -0.214694
0.628994 -0.325857 -0.272492
-0.624703 -0.543275 0.144553
-0.471418 0.072907 -0.300410
-0.647498 0.048273 -0.001170
0.606200 -0.385989 0.343039
-0.156121 -0.252507 0.337835
-0.647498 -0.716147 0.160368
0.227503 -0.442172 0.335937
-0.040272 0.248471 0.337835
-0.402108 -0.299961 0.337835
0.268274 0.039339 0.337835
-0.595509 0.539523 -0.003797
-0.647187 -0.379111 0.353032
0.283487 -0.292280 -0.259223
0.252820 0.336419 -0.323205
-0.583786 0.302056 0.353032
-0.018162 -0.471871 0.353032
-0.033155 0.159902 -0.300410
0.261408 -0.295318 0.161478
-0.647498 -0.187570 0.091336
-0.624703 -0.480194 -0.260398
0.511073 -0.292280 -0.117043
0.628994 -0.314989 0.204358
-0.624951 -0.538459 -0.147780
0.187449 0.527931 0.353032
0.628994 0.512199 0.079460
0.497237 -0.327351 -0.323205
0.153331 -0.082117 -0.304556
0.604611 0.450156 0.353032
-0.601794 0.483135 -0.300410
-0.550485 0.221117 -0.323205
-0.624703 0.430461 0.269103
0.512414 0.391070 -0.300410
-0.352584 0.070466 -0.323205
0.628994 -0.094589 -0.010905
-0.123295 -0.295318 -0.095341
0.628994 -0.071807 -0.227688
-0.527496 0.012766 0.353032
0.609930 -0.538459 0.071294
-0.378786 0.370048 -0.323205
-0.216084 -0.139939 -0.323205
-0.624703 0.445512 0.126113
0.452657 -0.099641 0.353032
0.105344 0.230373 0.337835
0.549200 0.158767 0.337835
0.628994 0.291864 0.351079
-0.347602 -0.467498 0.335937
-0.545994 -0.292280 0.294350
-0.339148 -0.404171 -0.323205
0.350839 0.241931 0.337835
-0.624703 0.304866 -0.229421
-0.296200 0.558519 0.109619
0.051965 0.558519 0.125222
0.606200 -0.554098 0.345288
-0.024733 -0.292280 0.103360
-0.303957 -0.047742 -0.300410
-0.624703 0.286120 0.130961
0.286677 -0.607557 -0.311890
-0.494266 0.558519 0.172773
-0.624703 -0.606502 -0.298397
-0.284633 -0.562681 -0.300410
-0.494795 0.539523 -0.133294
0.302600 -0.213731 0.337835
0.198362 0.065788 -0.300410
0.070900 0.463171 -0.300410
-0.647498 -0.170157 -0.180551
0.042953 -0.338381 0.337835
-0.624703 0.064117 -0.156000
0.628994 -0.491832 -0.130692
0.628994 -0.275164 -0.317281
-0.124179 0.384896 0.353032
-0.647498 -0.120025 0.063224
0.039078 0.539523 -0.090535
-0.647498 -0.333575 0.006819
-0.212192 -0.295318 0.225271
0.113103 -0.295318 0.205237
-0.021176 0.558519 -0.163682
-0.438002 -0.201197 -0.300410
0.628994 0.499737 -0.095201
-0.050016 0.558519 -0.319921
-0.562557 -0.295318 0.062671
0.349706 -0.295318 0.215250
-0.008056 0.349791 -0.323205
-0.622804 -0.410732 0.201018
0.628994 -0.256860 -0.161028
0.430532 0.102045 -0.314694
-0.560901 -0.295318 -0.203018
0.167678 0.397429 0.353032
0.411016 0.539523 -0.009998
0.628994 -0.689489 -0.227177
-0.582013 0.161833 0.353032
0.606200 0.156680 -0.126125
-0.624703 -0.671681 0.346772
0.403845 0.378207 0.353032
-0.624703 -0.210944 -0.042295
0.256787 -0.295318 -0.059886
-0.353955 0.558519 0.196375
-0.602016 -0.131160 -0.323205
-0.122718 0.558519 0.263200
-0.647498 0.053780 -0.319766
-0.076625 0.035300 -0.317352
-0.349808 0.558371 -0.323205
0.628994 0.289881 0.090459
-0.039921 0.539523 -0.095532
0.410661 0.558519 -0.203302
-0.624703 0.255715 -0.139963
0.340558 -0.361286 0.335937
0.628994 0.128513 0.039850
-0.100072 0.099272 0.353032
-0.310467 0.558519 0.281406
0.149482 -0.295318 -0.243090
0.354811 -0.363125 -0.323205
-0.494887 0.329380 0.337835
-0.020977 -0.001908 0.337835
-0.185379 0.539523 -0.297910
0.069881 0.497428 0.337835
0.606200 -0.134158 0.269173
-0.251149 -0.268787 -0.323205
-0.638475 -0.717973 -0.094117
0.044661 -0.295318 -0.067712
0.148638 0.101262 0.337835
0.606200 0.173890 0.223325
0.327954 0.551846 0.337835
-0.219318 0.381069 -0.300410
-0.103239 -0.380595 0.337835
-0.431304 -0.292280 -0.123125
0.201999 0.539523 -0.070299
-0.647391 -0.365616 -0.300410
-0.445924 0.539523 -0.277949
-0.647498 0.501558 -0.190570
-0.335095 -0.292280 0.164310
0.486827 0.539523 0.184317
0.218402 0.539523 0.101685
-0.624703 0.148924 0.043169
-0.158198 -0.234128 -0.300410
0.446638 -0.536982 -0.306106
-0.035482 0.242681 -0.323205
0.055871 -0.441495 -0.311119
-0.372944 0.321183 0.337835
-0.624703 0.401400 -0.111060
-0.536027 -0.582461 -0.300410
0.276659 0.156532 -0.323205
0.606200 0.015909 0.110592
0.410556 0.285028 -0.300410
-0.647498 -0.412199 0.093863
0.606200 -0.379884 0.108010
0.628994 -0.446556 -0.235539
0.416246 -0.030787 -0.313249
-0.302897 -0.027339 0.353032
0.421820 -0.295318 0.150413
-0.224060 -0.366552 0.335937
0.544375 0.558519 0.326300
-0.221891 -0.295318 0.082151
0.606200 -0.049882 -0.118325
-0.517475 0.558519 0.351861
-0.326449 -0.295318 -0.217475
-0.142604 -0.295318 -0.152818
-0.519809 0.303817 -0.300410
0.432668 0.539523 0.213477
0.628994 -0.707705 0.133667
-0.465141 -0.377665 -0.307350
0.175430 -0.206245 -0.323205
-0.624703 0.166396 0.203288
0.505678 -0.022962 0.337835
0.628994 -0.634153 -0.308561
-0.423729 -0.179003 0.337835
-0.006105 0.539523 0.020915
-0.647498 -0.400429 -0.174962
0.173582 0.406555 -0.306350
0.628994 -0.600095 -0.119472
-0.225140 0.441522 0.353032
-0.227036 -0.196708 0.337835
-0.489832 0.112566 0.353032
0.606200 -0.278434 0.315664
0.374040 0.558519 0.104612
0.313949 -0.097429 -0.323205
0.158077 -0.001083 0.337835
0.500984 -0.375470 0.337835
0.349256 0.149281 0.337835
0.460070 0.553608 -0.323205
0.368690 -0.292280 -0.215021
0.482712 -0.207634 0.337835
0.360150 -0.030121 0.337835
-0.189279 -0.383309 -0.323205
0.567766 -0.295318 0.155988
0.606200 0.413632 0.083030
-0.511559 -0.048624 -0.300410
0.628994 -0.311684 -0.205209
-0.589464 -0.477674 0.343364
-0.647498 -0.321309 0.331106
0.628994 0.189867 -0.321934
-0.040810 -0.539249 -0.313488
-0.195324 0.558519 0.348135
-0.624703 -0.079028 0.329519
-0.647498 -0.233173 0.222765
-0.624703 -0.643230 0.084313
0.200959 -0.292280 0.055607
-0.143414 -0.058065 -0.323205
0.068513 -0.326953 -0.300410
0.358607 -0.248091 -0.300410
0.215482 -0.449524 -0.313346
-0.259445 0.124973 -0.300410
0.488657 0.558519 0.017379
-0.454434 -0.295318 0.171749
-0.554469 -0.247979 0.337835
0.477084 0.463104 0.353032
0.148422 -0.387359 0.353032
-0.200547 0.558519 -0.176393
0.628994 0.307449 -0.103979
0.544697 -0.477674 0.342002
0.541588 -0.584132 -0.323205
0.628994 -0.606803 -0.001638
-0.308934 -0.367242 0.335937
0.623441 0.404934 -0.323205
0.542263 0.504688 -0.323205
0.156484 0.258643 0.353032
-0.131610 -0.082316 0.353032
0.568291 0.539523 -0.009129
0.489850 0.195894 -0.300410
0.628994 -0.368601 -0.013238
0.170304 0.486489 -0.323205
0.167941 0.558519 0.291509
-0.417736 0.558519 0.351929
-0.030963 -0.191818 -0.323205
-0.647498 -0.014806 0.261693
-0.142801 0.277452 0.353032
-0.587942 0.434121 0.353032
-0.065730 -0.292280 0.329647
-0.371243 0.558519 -0.050760
-0.309019 -0.157406 -0.323205
-0.647498 0.389207 -0.298559
0.336074 0.558519 -0.310001
-0.389108 0.443441 0.353032
-0.624703 0.017754 -0.188796
0.620362 -0.139169 -0.300410
0.437999 -0.292280 0.314768
-0.624703 0.157551 -0.082658
0.606200 -0.162140 -0.095077
-0.457989 -0.622745 -0.300410
-0.412917 -0.292280 -0.013477
0.132658 -0.204099 0.353032
0.617810 -0.059626 0.353032
-0.617587 0.363361 0.353032
-0.550432 0.539523 0.268297
-0.024046 0.149942 0.337835
0.282907 0.266978 -0.300410
-0.465141 0.451402 -0.323048
-0.132611 0.169965 -0.323205
-0.630105 -0.706049 -0.323205
-0.076131 -0.201640 0.353032
-0.467318 -0.339245 0.335937
0.628994 0.476183 0.217036
-0.311505 -0.260506 0.337835
-0.002116 0.498858 0.337835
-0.647498 0.449998 -0.008912
0.131335 0.539523 -0.137523
0.284402 -0.295318 0.277351
-0.584105 0.539523 -0.119554
0.508770 -0.104257 -0.323205
0.628994 0.541627 -0.142360
-0.550794 -0.385661 -0.323205
0.234788 0.558519 -0.196047
0.606200 0.415835 -0.140742
-0.339929 0.222465 0.337835
0.606200 0.085683 0.194066
-0.024931 0.323427 0.353032
-0.587390 0.558519 0.163024
-0.647498 -0.349986 -0.083114
-0.449212 -0.078980 0.337835
-0.140490 0.558519 -0.077655
0.476324 -0.292280 -0.003056
0.088064 0.249902 -0.300410
-0.221647 0.074615 0.337835
0.628994 0.024470 -0.304781
0.628994 -0.522322 0.224539
0.067156 -0.127096 0.337835
0.243029 -0.026377 -0.323205
0.627791 -0.402577 -0.322002
0.271832 -0.391660 -0.323205
0.243603 0.329848 0.353032
0.628994 -0.228233 0.258883
-0.624703 0.390441 0.198056
-0.566903 0.114770 -0.323205
0.600411 -0.295318 -0.076122
0.554534 0.261867 0.353032
-0.624703 -0.029042 -0.113247
-0.085260 -0.295318 -0.005629
-0.647498 -0.441484 0.012768
-0.525458 0.456243 -0.300410
0.401280 0.558519 0.293205
0.625812 -0.717973 0.254269
0.408201 -0.421460 -0.298511
0.304990 0.318543 0.353032
-0.624055 -0.515283 -0.323205
-0.647498 -0.129590 0.133256
-0.247743 0.558519 0.036150
-0.521935 -0.196258 -0.300410
0.567212 -0.353041 -0.300410
0.170771 0.273383 -0.323205
0.287963 -0.081117 0.337835
0.535680 -0.292280 -0.223743
0.628994 -0.392541 0.254456
0.628994 0.296664 -0.285278
0.606200 -0.176159 0.064666
-0.252358 0.532404 -0.323205
-0.351665 0.178652 -0.323205
-0.328580 0.539523 0.015498
0.217193 -0.299573 -0.323205
0.606200 -0.057969 0.096783
0.066731 -0.132529 -0.307809
-0.045300 -0.273599 -0.300410
-0.277118 -0.091998 0.353032
0.457117 0.226280 0.337835
-0.624703 -0.477204 -0.181475
-0.244278 -0.295318 0.019951
0.388752 0.475220 0.353032
0.322615 -0.295318 0.138549
-0.417269 0.539523 -0.117194
0.258818 -0.336762 0.353032
-0.385771 -0.295318 -0.189541
0.606200 0.045232 0.031624
-0.221537 0.292732 -0.323205
0.628994 0.177270 -0.219961
-0.134539 0.012684 0.353032
-0.293077 0.558519 -0.137885
-0.130973 0.558519 0.110252
-0.647498 -0.056221 0.035873
0.108000 0.558519 0.211928
0.059209 0.150549 -0.317861
-0.109728 0.558519 -0.273555
-0.647498 -0.564020 0.232812
-0.647498 -0.573462 -0.054303
-0.569926 -0.159592 0.353032
-0.551002 -0.295318 -0.106726
-0.120911 0.361534 -0.300410
0.085947 0.002592 0.353032
-0.624703 -0.628326 -0.112149
-0.624703 0.332682 -0.155989
0.438080 -0.366252 0.337835
-0.647498 0.556709 -0.296380
-0.647498 0.232920 0.338071
-0.560537 -0.398159 0.335937
0.257140 -0.295318 -0.166076
-0.246657 0.148854 0.337835
0.117160 -0.292280 -0.176831
0.569055 0.361076 0.353032
0.059966 0.545850 -0.323205
0.060877 -0.292280 -0.261613
-0.647498 -0.017406 0.110617
-0.453946 0.145670 -0.312396
0.628994 0.490904 -0.208893
0.143660 -0.295318 -0.009742
0.628994 0.488058 -0.014988
0.339043 -0.468740 0.353032
0.606200 -0.466726 0.300267
0.628994 0.046920 -0.271314
-0.389772 0.304557 -0.323205
0.456163 0.438989 -0.323205
0.319160 0.539523 -0.035517