505
159
492
13
115
378
250
169
317
499
394
346
189
65
391
85
147
79
467
448
294
84
329
226
19
332
506
464
12
198
62
260
191
270
32
457
455
179
76
253
157
479
456
304
327
228
183
105
272
328
43
413
271
45
215
164
331
196
278
97
3
86
303
495
208
395
315
402
66
487
356
399
470
220
134
146
309
503
245
401
256
123
140
151
236
431
466
261
357
7
361
312
230
335
133
481
359
292
142
274
207
393
155
255
383
213
252
77
141
177
298
106
180
201
404
390
352
483
194
360
165
35
149
162
427
244
2
349
31
234
110
185
199
347
174
74
442
446
400
433
145
355
87
296
491
408
222
334
209
284
172
73
30
126
51
493
247
52
509
482
308
263
238
227
240
14
444
369
61
89
291
336
193
197
49
206
181
418
338
37
205
108
439
339
251
50
81
430
318
322
300
461
216
64
24
277
91
471
289
57
286
186
29
319
257
290
358
283
282
423
307
101
316
8
237
266
130
219
324
104
20
53
83
135
163
373
210
80
366
306
69
398
47
117
111
1
371
218
345
203
132
98
156
152
90
187
268
190
297
28
341
127
249
453
148
25